{
 "cells": [
  {
   "cell_type": "code",
   "execution_count": 4,
   "metadata": {},
   "outputs": [],
   "source": [
    "import numpy as np"
   ]
  },
  {
   "cell_type": "code",
   "execution_count": 5,
   "metadata": {},
   "outputs": [],
   "source": [
    "a = np.zeros((21,21))"
   ]
  },
  {
   "cell_type": "code",
   "execution_count": 6,
   "metadata": {},
   "outputs": [],
   "source": [
    "for i in range(len(a[0])):\n",
    "    a[0][i] = 1"
   ]
  },
  {
   "cell_type": "code",
   "execution_count": 7,
   "metadata": {},
   "outputs": [],
   "source": [
    "for i in range(len(a[0])):\n",
    "    a[i][0] = 1"
   ]
  },
  {
   "cell_type": "code",
   "execution_count": 8,
   "metadata": {},
   "outputs": [],
   "source": [
    "for i in a:\n",
    "    for j in i:\n",
    "        j = int(j)"
   ]
  },
  {
   "cell_type": "code",
   "execution_count": 9,
   "metadata": {},
   "outputs": [
    {
     "data": {
      "text/plain": [
       "array([1., 1., 1., 1., 1., 1., 1., 1., 1., 1., 1., 1., 1., 1., 1., 1., 1.,\n",
       "       1., 1., 1., 1.])"
      ]
     },
     "execution_count": 9,
     "metadata": {},
     "output_type": "execute_result"
    }
   ],
   "source": [
    "a[0]"
   ]
  },
  {
   "cell_type": "code",
   "execution_count": 10,
   "metadata": {},
   "outputs": [],
   "source": [
    "for i in range(1,21):\n",
    "    for j in range(1,21):\n",
    "        if a[i][j] == 0:\n",
    "            a[i][j] = a[i-1][j] + a[i][j-1]"
   ]
  },
  {
   "cell_type": "code",
   "execution_count": 11,
   "metadata": {},
   "outputs": [
    {
     "data": {
      "text/plain": [
       "137846528820.0"
      ]
     },
     "execution_count": 11,
     "metadata": {},
     "output_type": "execute_result"
    }
   ],
   "source": [
    "a[20][20]"
   ]
  },
  {
   "cell_type": "code",
   "execution_count": 12,
   "metadata": {},
   "outputs": [
    {
     "data": {
      "text/plain": [
       "array([[1.00000000e+00, 1.00000000e+00, 1.00000000e+00, 1.00000000e+00,\n",
       "        1.00000000e+00, 1.00000000e+00, 1.00000000e+00, 1.00000000e+00,\n",
       "        1.00000000e+00, 1.00000000e+00, 1.00000000e+00, 1.00000000e+00,\n",
       "        1.00000000e+00, 1.00000000e+00, 1.00000000e+00, 1.00000000e+00,\n",
       "        1.00000000e+00, 1.00000000e+00, 1.00000000e+00, 1.00000000e+00,\n",
       "        1.00000000e+00],\n",
       "       [1.00000000e+00, 2.00000000e+00, 3.00000000e+00, 4.00000000e+00,\n",
       "        5.00000000e+00, 6.00000000e+00, 7.00000000e+00, 8.00000000e+00,\n",
       "        9.00000000e+00, 1.00000000e+01, 1.10000000e+01, 1.20000000e+01,\n",
       "        1.30000000e+01, 1.40000000e+01, 1.50000000e+01, 1.60000000e+01,\n",
       "        1.70000000e+01, 1.80000000e+01, 1.90000000e+01, 2.00000000e+01,\n",
       "        2.10000000e+01],\n",
       "       [1.00000000e+00, 3.00000000e+00, 6.00000000e+00, 1.00000000e+01,\n",
       "        1.50000000e+01, 2.10000000e+01, 2.80000000e+01, 3.60000000e+01,\n",
       "        4.50000000e+01, 5.50000000e+01, 6.60000000e+01, 7.80000000e+01,\n",
       "        9.10000000e+01, 1.05000000e+02, 1.20000000e+02, 1.36000000e+02,\n",
       "        1.53000000e+02, 1.71000000e+02, 1.90000000e+02, 2.10000000e+02,\n",
       "        2.31000000e+02],\n",
       "       [1.00000000e+00, 4.00000000e+00, 1.00000000e+01, 2.00000000e+01,\n",
       "        3.50000000e+01, 5.60000000e+01, 8.40000000e+01, 1.20000000e+02,\n",
       "        1.65000000e+02, 2.20000000e+02, 2.86000000e+02, 3.64000000e+02,\n",
       "        4.55000000e+02, 5.60000000e+02, 6.80000000e+02, 8.16000000e+02,\n",
       "        9.69000000e+02, 1.14000000e+03, 1.33000000e+03, 1.54000000e+03,\n",
       "        1.77100000e+03],\n",
       "       [1.00000000e+00, 5.00000000e+00, 1.50000000e+01, 3.50000000e+01,\n",
       "        7.00000000e+01, 1.26000000e+02, 2.10000000e+02, 3.30000000e+02,\n",
       "        4.95000000e+02, 7.15000000e+02, 1.00100000e+03, 1.36500000e+03,\n",
       "        1.82000000e+03, 2.38000000e+03, 3.06000000e+03, 3.87600000e+03,\n",
       "        4.84500000e+03, 5.98500000e+03, 7.31500000e+03, 8.85500000e+03,\n",
       "        1.06260000e+04],\n",
       "       [1.00000000e+00, 6.00000000e+00, 2.10000000e+01, 5.60000000e+01,\n",
       "        1.26000000e+02, 2.52000000e+02, 4.62000000e+02, 7.92000000e+02,\n",
       "        1.28700000e+03, 2.00200000e+03, 3.00300000e+03, 4.36800000e+03,\n",
       "        6.18800000e+03, 8.56800000e+03, 1.16280000e+04, 1.55040000e+04,\n",
       "        2.03490000e+04, 2.63340000e+04, 3.36490000e+04, 4.25040000e+04,\n",
       "        5.31300000e+04],\n",
       "       [1.00000000e+00, 7.00000000e+00, 2.80000000e+01, 8.40000000e+01,\n",
       "        2.10000000e+02, 4.62000000e+02, 9.24000000e+02, 1.71600000e+03,\n",
       "        3.00300000e+03, 5.00500000e+03, 8.00800000e+03, 1.23760000e+04,\n",
       "        1.85640000e+04, 2.71320000e+04, 3.87600000e+04, 5.42640000e+04,\n",
       "        7.46130000e+04, 1.00947000e+05, 1.34596000e+05, 1.77100000e+05,\n",
       "        2.30230000e+05],\n",
       "       [1.00000000e+00, 8.00000000e+00, 3.60000000e+01, 1.20000000e+02,\n",
       "        3.30000000e+02, 7.92000000e+02, 1.71600000e+03, 3.43200000e+03,\n",
       "        6.43500000e+03, 1.14400000e+04, 1.94480000e+04, 3.18240000e+04,\n",
       "        5.03880000e+04, 7.75200000e+04, 1.16280000e+05, 1.70544000e+05,\n",
       "        2.45157000e+05, 3.46104000e+05, 4.80700000e+05, 6.57800000e+05,\n",
       "        8.88030000e+05],\n",
       "       [1.00000000e+00, 9.00000000e+00, 4.50000000e+01, 1.65000000e+02,\n",
       "        4.95000000e+02, 1.28700000e+03, 3.00300000e+03, 6.43500000e+03,\n",
       "        1.28700000e+04, 2.43100000e+04, 4.37580000e+04, 7.55820000e+04,\n",
       "        1.25970000e+05, 2.03490000e+05, 3.19770000e+05, 4.90314000e+05,\n",
       "        7.35471000e+05, 1.08157500e+06, 1.56227500e+06, 2.22007500e+06,\n",
       "        3.10810500e+06],\n",
       "       [1.00000000e+00, 1.00000000e+01, 5.50000000e+01, 2.20000000e+02,\n",
       "        7.15000000e+02, 2.00200000e+03, 5.00500000e+03, 1.14400000e+04,\n",
       "        2.43100000e+04, 4.86200000e+04, 9.23780000e+04, 1.67960000e+05,\n",
       "        2.93930000e+05, 4.97420000e+05, 8.17190000e+05, 1.30750400e+06,\n",
       "        2.04297500e+06, 3.12455000e+06, 4.68682500e+06, 6.90690000e+06,\n",
       "        1.00150050e+07],\n",
       "       [1.00000000e+00, 1.10000000e+01, 6.60000000e+01, 2.86000000e+02,\n",
       "        1.00100000e+03, 3.00300000e+03, 8.00800000e+03, 1.94480000e+04,\n",
       "        4.37580000e+04, 9.23780000e+04, 1.84756000e+05, 3.52716000e+05,\n",
       "        6.46646000e+05, 1.14406600e+06, 1.96125600e+06, 3.26876000e+06,\n",
       "        5.31173500e+06, 8.43628500e+06, 1.31231100e+07, 2.00300100e+07,\n",
       "        3.00450150e+07],\n",
       "       [1.00000000e+00, 1.20000000e+01, 7.80000000e+01, 3.64000000e+02,\n",
       "        1.36500000e+03, 4.36800000e+03, 1.23760000e+04, 3.18240000e+04,\n",
       "        7.55820000e+04, 1.67960000e+05, 3.52716000e+05, 7.05432000e+05,\n",
       "        1.35207800e+06, 2.49614400e+06, 4.45740000e+06, 7.72616000e+06,\n",
       "        1.30378950e+07, 2.14741800e+07, 3.45972900e+07, 5.46273000e+07,\n",
       "        8.46723150e+07],\n",
       "       [1.00000000e+00, 1.30000000e+01, 9.10000000e+01, 4.55000000e+02,\n",
       "        1.82000000e+03, 6.18800000e+03, 1.85640000e+04, 5.03880000e+04,\n",
       "        1.25970000e+05, 2.93930000e+05, 6.46646000e+05, 1.35207800e+06,\n",
       "        2.70415600e+06, 5.20030000e+06, 9.65770000e+06, 1.73838600e+07,\n",
       "        3.04217550e+07, 5.18959350e+07, 8.64932250e+07, 1.41120525e+08,\n",
       "        2.25792840e+08],\n",
       "       [1.00000000e+00, 1.40000000e+01, 1.05000000e+02, 5.60000000e+02,\n",
       "        2.38000000e+03, 8.56800000e+03, 2.71320000e+04, 7.75200000e+04,\n",
       "        2.03490000e+05, 4.97420000e+05, 1.14406600e+06, 2.49614400e+06,\n",
       "        5.20030000e+06, 1.04006000e+07, 2.00583000e+07, 3.74421600e+07,\n",
       "        6.78639150e+07, 1.19759850e+08, 2.06253075e+08, 3.47373600e+08,\n",
       "        5.73166440e+08],\n",
       "       [1.00000000e+00, 1.50000000e+01, 1.20000000e+02, 6.80000000e+02,\n",
       "        3.06000000e+03, 1.16280000e+04, 3.87600000e+04, 1.16280000e+05,\n",
       "        3.19770000e+05, 8.17190000e+05, 1.96125600e+06, 4.45740000e+06,\n",
       "        9.65770000e+06, 2.00583000e+07, 4.01166000e+07, 7.75587600e+07,\n",
       "        1.45422675e+08, 2.65182525e+08, 4.71435600e+08, 8.18809200e+08,\n",
       "        1.39197564e+09],\n",
       "       [1.00000000e+00, 1.60000000e+01, 1.36000000e+02, 8.16000000e+02,\n",
       "        3.87600000e+03, 1.55040000e+04, 5.42640000e+04, 1.70544000e+05,\n",
       "        4.90314000e+05, 1.30750400e+06, 3.26876000e+06, 7.72616000e+06,\n",
       "        1.73838600e+07, 3.74421600e+07, 7.75587600e+07, 1.55117520e+08,\n",
       "        3.00540195e+08, 5.65722720e+08, 1.03715832e+09, 1.85596752e+09,\n",
       "        3.24794316e+09],\n",
       "       [1.00000000e+00, 1.70000000e+01, 1.53000000e+02, 9.69000000e+02,\n",
       "        4.84500000e+03, 2.03490000e+04, 7.46130000e+04, 2.45157000e+05,\n",
       "        7.35471000e+05, 2.04297500e+06, 5.31173500e+06, 1.30378950e+07,\n",
       "        3.04217550e+07, 6.78639150e+07, 1.45422675e+08, 3.00540195e+08,\n",
       "        6.01080390e+08, 1.16680311e+09, 2.20396143e+09, 4.05992895e+09,\n",
       "        7.30787211e+09],\n",
       "       [1.00000000e+00, 1.80000000e+01, 1.71000000e+02, 1.14000000e+03,\n",
       "        5.98500000e+03, 2.63340000e+04, 1.00947000e+05, 3.46104000e+05,\n",
       "        1.08157500e+06, 3.12455000e+06, 8.43628500e+06, 2.14741800e+07,\n",
       "        5.18959350e+07, 1.19759850e+08, 2.65182525e+08, 5.65722720e+08,\n",
       "        1.16680311e+09, 2.33360622e+09, 4.53756765e+09, 8.59749660e+09,\n",
       "        1.59053687e+10],\n",
       "       [1.00000000e+00, 1.90000000e+01, 1.90000000e+02, 1.33000000e+03,\n",
       "        7.31500000e+03, 3.36490000e+04, 1.34596000e+05, 4.80700000e+05,\n",
       "        1.56227500e+06, 4.68682500e+06, 1.31231100e+07, 3.45972900e+07,\n",
       "        8.64932250e+07, 2.06253075e+08, 4.71435600e+08, 1.03715832e+09,\n",
       "        2.20396143e+09, 4.53756765e+09, 9.07513530e+09, 1.76726319e+10,\n",
       "        3.35780006e+10],\n",
       "       [1.00000000e+00, 2.00000000e+01, 2.10000000e+02, 1.54000000e+03,\n",
       "        8.85500000e+03, 4.25040000e+04, 1.77100000e+05, 6.57800000e+05,\n",
       "        2.22007500e+06, 6.90690000e+06, 2.00300100e+07, 5.46273000e+07,\n",
       "        1.41120525e+08, 3.47373600e+08, 8.18809200e+08, 1.85596752e+09,\n",
       "        4.05992895e+09, 8.59749660e+09, 1.76726319e+10, 3.53452638e+10,\n",
       "        6.89232644e+10],\n",
       "       [1.00000000e+00, 2.10000000e+01, 2.31000000e+02, 1.77100000e+03,\n",
       "        1.06260000e+04, 5.31300000e+04, 2.30230000e+05, 8.88030000e+05,\n",
       "        3.10810500e+06, 1.00150050e+07, 3.00450150e+07, 8.46723150e+07,\n",
       "        2.25792840e+08, 5.73166440e+08, 1.39197564e+09, 3.24794316e+09,\n",
       "        7.30787211e+09, 1.59053687e+10, 3.35780006e+10, 6.89232644e+10,\n",
       "        1.37846529e+11]])"
      ]
     },
     "execution_count": 12,
     "metadata": {},
     "output_type": "execute_result"
    }
   ],
   "source": [
    "a"
   ]
  },
  {
   "cell_type": "code",
   "execution_count": null,
   "metadata": {},
   "outputs": [],
   "source": []
  }
 ],
 "metadata": {
  "kernelspec": {
   "display_name": "Python 3",
   "language": "python",
   "name": "python3"
  },
  "language_info": {
   "codemirror_mode": {
    "name": "ipython",
    "version": 3
   },
   "file_extension": ".py",
   "mimetype": "text/x-python",
   "name": "python",
   "nbconvert_exporter": "python",
   "pygments_lexer": "ipython3",
   "version": "3.6.4"
  }
 },
 "nbformat": 4,
 "nbformat_minor": 2
}
